Catalans 98
100492 0
2662 0
35038 0
23688 0
23689 0
23690 0
23691 0
135168 0
35039 0
83530 0
101033 0
45 0
39599 0
79 0
159695 0
135161 0
2664 0
1813 0
108 0
135166 0
135165 0
1263 0
135164 0
3517 0
7317 0
984 0
186420 0
186419 0
159696 0
186418 0
186416 0
186415 0
186414 0
1006 0
3518 0
204 0
3519 0
7318 0
14313 0
162007 0
85082 0
55988 0
55989 0
55990 0
55991 0
244 0
245 0
235534 0
2057 0
33282 0
5773 0
235535 0
99039 0
344 0
235536 0
124736 0
135158 0
1787 0
1405 0
18900 0
3520 0
1789 0
420 0
62994 0
888 0
135162 0
35040 0
135159 0
135160 0
5710 0
1792 0
5708 0
1700 0
124737 0
2663 0
80938 0
35041 0
588 0
62744 0
159694 0
3269 0
930 0
80937 0
3472 0
957 0
94638 0
1906 0
124748 0
1392 0
83528 0
83529 0
57168 0
187816 0
8459 0
14312 0
5043 0
2894 0
34444 0
