Bells 144
23480 0
23481 0
23482 0
10 0
5843 0
2415 0
27 0
23479 0
8949 0
23478 0
23477 0
5836 0
1788 0
129327 0
164933 0
62318 0
138097 0
171176 0
171175 0
171173 0
138095 0
110 0
23476 0
97413 0
242307 0
198308 0
242306 0
129332 0
23452 0
242305 0
97410 0
198309 0
1669 0
142 0
164863 0
5001 0
2409 0
129323 0
23451 0
23450 0
166 0
23449 0
23448 0
23447 0
178 0
97409 0
23446 0
23445 0
23444 0
23443 0
48883 0
4254 0
7051 0
137903 0
97408 0
153277 0
27383 0
258 0
51890 0
295 0
296 0
198307 0
307 0
129328 0
139114 0
190958 0
101095 0
57837 0
3422 0
57814 0
357 0
101104 0
8438 0
139113 0
56857 0
5011 0
153485 0
405 0
188377 0
198310 0
4212 0
4213 0
137902 0
137901 0
137898 0
137894 0
102376 0
18913 0
61547 0
97414 0
130812 0
94216 0
130811 0
130810 0
130809 0
11782 0
129324 0
4211 0
8277 0
198306 0
136119 0
8683 0
7310 0
5493 0
166063 0
129333 0
94626 0
3602 0
49020 0
97412 0
55248 0
54849 0
54851 0
1090 0
5408 0
117940 0
7814 0
4070 0
38207 0
101560 0
137418 0
129329 0
695 0
135764 0
143815 0
143816 0
143817 0
143818 0
129325 0
191595 0
1477 0
4187 0
6505 0
129331 0
94262 0
1861 0
1511 0
198300 0
4189 0
220466 0
97411 0
7775 0
140325 0
137417 0
