Primes 213
113155 0
5 0
153143 0
124270 0
12 0
124269 0
5097 0
124268 0
33676 0
40 0
41 0
113156 0
215302 0
3508 0
114231 0
164876 0
154720 0
56239 0
8364 0
109383 0
98605 0
152864 0
171178 0
103534 0
114230 0
97363 0
69249 0
1222 0
135167 0
7917 0
1221 0
113157 0
113158 0
130291 0
130290 0
164875 0
253910 0
253911 0
161339 0
112789 0
112731 0
109067 0
114227 0
215304 0
154721 0
109373 0
86874 0
154722 0
214664 0
215305 0
35042 0
122616 0
203 0
6519 0
50997 0
103206 0
161345 0
225 0
214665 0
104719 0
48050 0
212171 0
153081 0
6881 0
10051 0
214666 0
162526 0
2144 0
1358 0
51731 0
162350 0
162527 0
30514 0
214667 0
162528 0
290 0
1160 0
162529 0
162530 0
135163 0
161344 0
162531 0
140354 0
1159 0
1158 0
162532 0
142925 0
103614 0
1157 0
124010 0
124282 0
124283 0
157928 0
124284 0
242256 0
132214 0
63007 0
117405 0
23201 0
215303 0
242255 0
239050 0
242254 0
239052 0
239053 0
117406 0
242253 0
242252 0
133870 0
124308 0
124309 0
18252 0
97338 0
161205 0
161424 0
97480 0
103617 0
154723 0
114228 0
114235 0
7918 0
244049 0
105213 0
138822 0
138821 0
114262 0
124317 0
124318 0
112796 0
124319 0
117416 0
6005 0
2808 0
117429 0
117430 0
97069 0
130555 0
2522 0
1248 0
160812 0
163100 0
114236 0
578 0
105212 0
154724 0
154725 0
152771 0
45337 0
593 0
154726 0
5117 0
166061 0
154727 0
65475 0
56171 0
132216 0
104873 0
104874 0
65091 0
8578 0
114265 0
151800 0
152772 0
151799 0
114263 0
105211 0
105210 0
114266 0
3992 0
114233 0
104875 0
112795 0
30059 0
112804 0
30229 0
112847 0
104718 0
162190 0
162192 0
112859 0
1316 0
152770 0
30078 0
97932 0
720 0
162203 0
162202 0
159697 0
112794 0
162201 0
162200 0
152987 0
106349 0
187818 0
6254 0
109287 0
109974 0
103523 0
106350 0
132215 0
1065 0
103576 0
14311 0
161835 0
122824 0
45319 0
98090 0
164864 0
5940 0
160811 0
27746 0
27748 0
156552 0
